22.31
103.52
147.95
26.36
16.55
17.23
43.00
17.90
15.98
21.93
22.93
138.48
26.04
75.21
165.52
17.04
18.37
88.04
61.44
35.92
21.81
19.01
17.71
19.28
17.39
16.38
19.88
16.41
16.14
25.11
16.55
199.16
16.21
16.70
71.22
18.53
15.92
36.70
21.75
16.27
16.24
14.44
110.45
216.88
56.73
16.60
16.16
63.84
25.34
16.43
34.83
16.25
30.57
26.89
13.32
34.74
26.32
17.92
21.51
18.37
32.58
152.06
16.03
15.06
22.19
15.77
15.81
16.53
43.78
177.10
18.19
22.51
13.63
19.82
14.27
13.81
17.42
24.11
17.90
18.68
38.14
16.55
16.76
15.69
15.34
21.20
14.35
16.24
19.22
83.45
25.94
30.28
17.90
19.00
68.59
48.30
12.83
147.77
13.47
128.29
15.31
12.30
49.94
18.67
17.32
132.08
125.92
15.87
22.53
16.69
60.45
44.19
15.50
16.35
63.19
15.32
25.76
17.48
32.05
18.29
14.16
14.17
15.33
22.97
30.78
16.14
14.31
27.89
13.65
16.17
118.76
13.14
17.13
20.33
14.49
15.96
17.49
18.10
16.13
30.23
32.47
29.00
36.43
14.69
15.31
137.39
17.97
48.17
120.47
167.95
12.46
14.38
14.49
14.32
14.25
43.22
14.38
16.68
14.85
14.61
15.75
11.85
13.24
21.22
14.96
14.85
16.71
110.77
88.01
25.42
13.85
15.49
12.20
42.10
102.16
16.70
13.12
12.96
13.25
69.92
13.70
14.79
15.56
14.75
13.11
14.12
14.72
14.58
13.62
12.15
12.36
18.67
11.12
14.12
13.01
12.38
13.35
13.02
13.74
59.85
74.93
16.26
27.09
12.00
12.51
14.15
12.34
14.70
15.73
90.07
15.91
14.17
21.51
12.80
195.15
16.49
13.85
42.95
169.85
13.23
16.77
12.48
16.39
15.14
15.65
14.45
36.45
57.37
11.89
12.76
13.83
46.55
12.47
12.81
11.91
14.33
27.48
13.02
15.78
12.95
13.47
13.13
11.91
15.23
13.96
34.90
12.02
12.27
12.67
59.53
12.39
13.03
12.61
12.28
12.64
13.01
11.75
15.18
13.59
18.58
14.07
12.71
11.93
45.51
12.24
10.93
12.73
14.53
12.98
14.53
10.87
13.92
16.74
100.14
128.20
12.73
11.64
13.31
42.64
98.64
24.36
14.23
27.43
86.03
14.16
11.79
11.25
11.11
11.56
92.60
17.40
12.24
14.53
14.39
13.83
12.99
25.30
13.80
14.83
12.85
11.13
12.48
13.92
13.22
11.92
13.21
15.71
56.79
15.04
11.83
14.76
14.17
13.81
99.99
14.04
13.00
29.45
10.30
11.42
11.60
28.51
16.33
11.91
14.02
11.12
13.71
14.15
11.69
14.32
13.85
15.19
16.45
29.87
15.24
13.55
14.99
39.35
99.09
12.91
15.02
19.58
12.49
12.31
13.44
13.14
13.04
34.31
11.26
12.64
14.67
14.87
16.03
12.73
13.62
14.00
11.60
12.33
12.38
14.38
12.54
10.89
12.86
11.36
10.66
37.43
12.02
151.00
12.91
11.88
11.08
12.77
12.51
27.63
12.62
15.04
11.73
17.13
12.05
18.38
12.27
106.58
34.73
12.43
12.38
44.50
14.12
15.73
22.50
87.69
11.22
11.65
13.83
12.17
11.14
11.40
12.36
13.90
29.14
11.15
10.78
11.38
112.77
26.18
11.70
10.11
11.23
27.11
18.33
9.82
24.14
10.06
28.20
43.18
11.26
17.59
12.73
14.15
12.59
51.32
11.93
11.79
11.24
24.39
10.82
39.24
12.41
25.40
18.57
21.59
9.84
15.79
13.65
32.23
11.66
10.89
11.15
12.58
11.14
12.01
12.69
12.73
24.45
107.90
11.19
12.02
11.93
10.80
11.41
15.91
16.47
13.51
12.07
16.51
12.21
13.57
26.07
26.69
11.19
14.04
18.39
11.87
13.40
14.43
11.50
12.69
14.25
11.47
12.08
11.47
12.92
12.19
22.18
11.36
27.14
11.74
11.15
12.01
30.03
10.75
11.24
13.42
12.01
11.29
51.31
10.45
18.69
11.67
11.59
11.60
20.32
10.68
13.46
42.12
11.30
11.29
12.32
10.62
25.41
13.19
14.28
12.80
12.24
12.30
12.35
12.23
26.64
13.04
12.86
14.02
11.25
12.51
11.01
23.79
14.96
11.78
11.17
36.27
32.95
11.64
10.91
85.53
12.98
11.91
10.83
11.24
33.34
11.35
11.76
11.55
10.42
12.28
11.87
132.79
11.69
14.08
11.55
10.59
18.76
35.31
11.19
10.51
12.98
11.71
24.39
11.25
14.83
11.39
11.76
12.46
12.21
49.62
13.10
12.22
11.22
26.12
13.69
65.77
10.47
10.57
11.39
63.83
11.67
14.56
11.98
11.64
11.63
11.23
67.36
18.54
11.00
11.22
60.34
25.62
13.35
12.20
11.54
13.22
13.24
11.88
23.41
18.00
11.61
10.91
11.78
84.57
24.61
78.97
11.85
12.35
25.17
11.30
10.82
10.50
14.96
11.18
11.01
15.95
12.39
12.31
11.91
47.98
13.07
10.37
13.51
11.07
9.94
11.58
12.12
12.22
24.01
10.77
31.34
11.85
11.19
37.09
27.91
12.18
14.06
13.00
23.74
29.06
26.09
18.07
11.85
12.86
10.94
12.87
31.90
12.94
26.38
12.34
10.55
14.25
11.97
11.48
10.49
12.81
39.52
12.16
27.95
12.56
13.43
10.06
10.46
16.82
12.04
13.21
12.32
11.10
12.42
18.11
12.11
11.17
30.17
10.20
12.58
26.36
11.95
11.26
11.35
16.81
14.33
10.55
11.64
36.84
11.52
11.14
11.83
25.36
21.84
9.96
10.75
25.79
12.25
15.13
11.95
12.29
10.64
12.98
38.97
17.33
12.03
10.67
41.02
11.85
12.34
17.82
12.03
11.35
42.67
13.48
12.01
13.77
11.51
13.43
14.00
15.56
11.57
38.63
17.10
12.59
13.42
29.10
11.22
32.90
10.85
13.82
10.61
13.04
13.44
13.23
13.75
11.70
13.11
11.12
10.86
11.75
13.18
12.55
17.28
41.34
11.64
24.90
26.52
11.70
12.34
12.31
15.24
41.08
11.24
11.96
13.57
11.99
11.55
11.25
13.45
50.40
11.60
25.33
11.72
11.15
25.64
13.22
12.98
39.68
11.27
11.88
32.98
13.01
25.45
11.43
15.98
11.92
10.73
11.84
13.22
11.78
12.90
12.34
49.99
10.52
11.93
14.73
10.80
11.17
11.69
13.21
26.10
13.95
11.57
12.27
9.42
26.37
12.51
12.43
21.20
13.97
40.22
11.65
25.00
13.44
15.89
13.62
11.26
11.93
12.79
12.16
11.80
33.42
30.57
10.40
11.08
10.21
11.86
11.07
12.01
14.53
11.77
26.75
27.50
13.56
12.86
13.62
9.86
9.80
10.78
18.89
15.71
13.45
12.90
12.28
10.90
10.88
12.39
29.15
10.83
29.54
50.94
12.00
10.90
10.39
11.77
12.79
14.90
12.00
16.50
37.42
12.42
27.00
18.80
17.54
12.00
10.87
27.38
10.80
12.64
11.56
22.19
12.73
13.06
57.18
15.78
14.65
12.45
12.60
18.71
13.19
14.34
13.27
11.00
17.66
39.26
12.73
11.36
10.55
15.43
27.05
9.76
14.38
11.92
15.20
11.91
13.35
13.91
18.90
27.06
12.77
13.28
12.40
14.60
12.26
12.54
22.00
11.56
11.33
24.79
89.10
13.95
15.07
12.36
11.41
12.51
26.14
13.45
39.28
11.13
13.08
12.19
49.27
20.69
11.94
11.46
11.04
11.57
12.50
13.23
13.18
12.66
17.66
13.33
11.32
12.54
11.74
12.63
33.23
11.33
14.32
14.82
12.78
11.57
11.26
11.88
10.36
11.11
87.18
11.27
12.94
28.27
11.14
40.31
12.08
10.34
12.66
39.76
12.59
12.91
12.37
12.72
14.56
17.10
27.33
12.06
14.41
18.92
17.32
13.20
12.71
11.44
12.16
11.81
10.96
14.25
13.12
11.55
13.96
14.53
13.49
31.71
19.46
10.54
55.77
28.25
26.76
19.98
11.51
14.04
14.49
13.14
29.69
10.95
21.40
10.67
13.47
10.90
12.46
10.60
10.48
11.56
14.81
29.77
13.71
25.01
11.52
13.60
13.09
12.89
28.79
11.79
13.00
15.22
10.49
29.95
12.35
12.13
14.53
14.43
64.35
10.16
26.56
14.44
11.37
10.47
13.51
11.60
19.65
11.06
12.36
11.67
11.05
14.60
11.01
11.07
13.09
13.22
11.84
25.43
37.34
13.04
14.00
13.86
13.66
14.07
13.05
19.21
13.18
10.93
10.66
14.07
11.27
11.21
13.13
13.69
19.06
15.44
16.49
14.11
12.13
12.11
32.45
29.87
11.34
11.91
13.16
11.63
12.38
11.10
11.94
11.90
62.26
13.37
10.88
16.36
11.13
30.78
12.48
12.57
52.03
11.94
20.73
68.47
11.51
10.20
12.13
44.69
13.13
10.37
12.92
11.51
11.94
10.22
10.39
50.09
11.20
14.77
11.93
12.68
12.74
28.85
10.33
48.59
10.46
42.78
16.63
12.32
11.48
16.44
11.70
10.80
11.52
10.56
12.75
11.77
13.22
11.48
12.78
41.45
10.80
10.94
14.89
12.13
10.99
10.19
9.63
18.54
12.34
10.85
11.44
23.69
91.40
14.00
18.05
11.00
13.65
15.33
14.61
14.26
20.02
14.54
12.75
12.57
11.48
10.15
11.60
11.28
11.48
17.99
10.72
12.14
20.78
14.19
13.32
11.05
12.40
10.71
11.23
17.10
11.93
12.63
13.78
18.50
10.67
10.64
24.44
11.48
10.70
49.87
11.10
38.68
12.35
15.73
12.81
36.79
14.81
13.12
11.41
11.93
10.75
12.77
34.17
15.96
11.89
19.01
11.40
13.16
18.79
11.61
12.31
12.24
11.37
10.86
12.29
28.31
12.44
12.95
12.86
13.66
20.69
51.35
10.64
12.28
10.44
11.86
15.48
12.31
19.43
38.56
11.88
26.73
11.62
10.14
11.29
11.35
17.93
39.68
12.13
15.80
47.44
25.75
13.70
10.71
14.81
11.90
14.43
11.95
12.16
13.29
10.70
10.34
16.50
11.46
11.38
13.06
11.47
38.43
10.91
10.81
10.63
12.30
11.05
11.96
12.26
11.93
12.52
12.45
13.22
30.77
12.91
10.35
16.57
11.61
17.96
10.47
10.20
19.67
11.20
11.92
13.82
15.51
51.83
39.78
38.78
12.16
12.13
14.38
10.76
15.73
13.55
13.27
34.81
11.10
11.43
12.39
23.88
18.74
40.54
11.49
10.67
10.47
10.10
11.23
10.78
10.58
10.55
10.45
24.05
9.83
12.10
11.40
10.34
12.63
16.54
12.28
12.59
11.66
10.44
12.14
12.31
40.26
12.99
31.21
10.18
13.07
12.90
11.75
11.71
12.77
49.29
19.79
18.69
14.66
26.00
12.72
12.15
11.84
11.39
12.55
11.61
12.34
11.17
10.90
11.95
29.56
12.32
40.10
11.28
11.27
10.11
9.81
35.43
11.58
11.46
11.26
10.93
30.53
11.20
25.61
12.23
12.95
12.43
11.76
13.53
11.99
17.99
38.00
51.44
47.10
10.35
10.45
9.90
11.73
28.99
10.68
10.97
10.79
37.60
14.58
11.98
26.69
13.50
12.46
12.42
10.60
28.68
36.98
39.96
25.21
51.39
11.77
14.32
12.80
51.66
11.03
12.66
10.84
11.24
13.41
12.13
11.67
10.71
11.89
29.57
27.10
10.22
11.16
11.59
14.24
24.57
38.62
49.24
34.99
36.45
44.50
10.13
10.32
10.52
19.20
13.03
11.44
11.83
9.42
10.44
27.07
38.17
9.62
10.53
13.15
30.24
24.16
26.14
10.35
26.73
15.87
11.42
38.48
31.54
12.58
9.04
9.78
12.55
10.34
10.27
18.33
11.22
12.02
11.72
10.50
12.81
10.36
23.38
11.48
10.72
26.64
16.56
10.92
29.64
11.53
36.54
48.45
10.43
39.13
10.39
11.36
9.61
11.42
30.09
11.27
37.69
32.72
15.81
36.58
37.41
19.25
11.13
16.69
10.92
49.84
9.79
11.74
42.93
13.26
25.30
10.07
10.35
10.16
9.94
13.78
10.49
14.49
38.51
46.06
11.84
10.33
16.41
10.50
12.17
10.43
24.59
12.11
11.40
10.39
9.81
13.95
10.86
30.75
11.34
24.74
10.55
12.30
12.72
12.67
40.66
10.42
16.00
12.45
11.27
10.21
11.31
10.26
111.45
10.05
11.90
11.40
13.31
23.92
11.22
24.32
33.80
10.49
12.74
13.18
11.05
21.76
11.23
10.61
10.92
17.14
12.78
11.66
31.88
15.34
39.65
10.15
9.84
11.13
19.23
10.27
10.99
10.16
37.46
9.41
18.13
14.14
10.63
35.78
10.47
10.65
12.05
11.16
13.79
39.07
24.47
12.24
49.76
34.56
12.48
11.77
9.58
10.74
11.68
10.16
23.63
10.55
9.28
10.38
36.14
14.51
10.94
11.18
11.43
29.95
11.68
27.55
10.35
10.59
13.30
25.20
14.53
11.30
13.31
10.94
39.17
49.36
10.36
9.69
10.27
11.69
11.37
13.86
10.34
11.53
13.80
11.28
11.76
11.05
13.32
9.98
13.12
11.67
11.11
10.45
10.13
13.11
10.31
9.33
16.51
10.57
10.36
11.91
11.58
51.79
38.30
15.39
11.40
11.34
10.23
10.25
9.48
9.40
10.92
10.93
11.54
12.03
10.24
35.63
9.16
11.03
10.42
9.88
13.24
38.26
23.33
30.97
10.55
9.38
10.99
10.77
36.14
11.09
8.97
9.53
8.81
15.51
14.05
23.68
16.61
11.15
35.35
23.21
12.59
11.65
10.87
46.04
42.45
36.49
10.34
12.10
9.20
10.19
11.43
15.01
10.98
11.44
35.67
10.68
19.57
11.19
10.21
17.39
13.30
11.50
12.13
24.42
26.62
16.72
28.70
45.17
9.32
14.38
139.01
25.91
10.48
18.00
8.94
12.27
11.75
10.31
10.45
27.17
10.40
10.38
43.73
14.36
11.15
37.21
10.84
30.70
16.21
11.29
10.25
10.67
11.31
22.76
11.35
11.34
11.57
9.59
17.23
16.45
14.54
10.62
14.24
10.67
25.51
9.89
38.90
9.60
10.45
11.05
15.69
25.97
45.26
10.50
11.89
11.12
27.88
12.04
12.17
21.14
11.94
10.80
11.33
60.60
10.26
11.80
8.92
10.76
10.51
9.73
10.69
9.97
11.56
11.90
25.84
35.83
9.73
12.04
9.86
10.58
12.74
28.36
28.33
13.42
9.55
31.13
11.28
10.45
18.95
14.54
12.37
11.98
22.15
13.39
9.57
13.44
16.65
9.74
16.09
29.83
9.66
11.68
16.75
38.54
10.68
10.61
10.74
9.68
25.36
23.09
26.98
14.05
24.86
31.98
38.59
11.20
11.18
41.43
13.34
15.88
10.61
15.64
11.48
12.66
52.86
13.53
49.11
10.14
10.59
49.61
9.56
10.69
39.19
10.47
9.54
11.37
16.47
9.73
10.88
13.68
9.85
14.14
10.81
10.31
11.21
37.56
30.86
9.39
60.91
52.71
38.56
11.92
10.66
10.17
63.11
11.35
11.60
9.36
8.84
49.31
23.57
9.02
23.91
10.22
27.77
10.13
10.84
12.44
12.91
15.92
10.39
10.85
51.42
16.32
14.76
12.13
26.40
24.30
9.38
9.10
9.18
9.78
11.39
10.41
11.25
11.41
9.72
11.09
11.80
11.91
11.62
11.15
10.65
11.16
12.64
9.81
9.67
10.96
10.88
10.93
15.35
52.43
35.23
23.94
37.51
10.99
28.69
10.36
16.31
10.82
12.64
9.81
27.41
9.29
10.30
10.86
12.96
10.83
17.52
36.26
10.50
9.99
11.69
9.83
11.64
9.06
10.35
9.61
8.60
9.66
9.49
13.38
10.98
9.73
10.70
25.45
19.37
9.77
14.20
8.86
12.93
10.41
9.75
11.75
11.47
11.03
10.16
15.41
10.68
10.55
12.17
28.00
11.36
22.70
13.98
12.22
11.58
14.36
9.48
10.28
78.32
10.58
10.62
30.02
9.19
9.58
24.91
25.93
22.95
10.68
10.32
12.25
12.58
14.45
27.60
12.73
19.87
36.89
23.59
11.06
11.25
15.32
12.13
10.32
26.12
13.14
12.43
10.71
11.37
10.16
24.87
9.99
8.96
9.32
10.61
39.60
11.26
11.30
12.71
47.21
14.83
10.70
9.86
47.13
9.87
10.44
16.74
11.50
18.71
10.27
12.46
9.95
11.70
11.53
10.23
10.58
11.17
12.42
10.21
11.18
11.53
10.44
9.80
12.17
11.45
10.75
24.83
10.94
10.32
11.36
10.84
11.23
10.70
10.11
11.63
9.96
10.34
10.65
15.41
14.41
9.72
11.00
10.20
11.64
15.51
10.23
10.68
23.25
10.07
43.04
11.77
24.77
10.11
11.81
10.27
9.80
49.51
10.53
18.70
9.60
11.27
10.85
27.15
9.74
10.06
12.39
10.18
9.87
12.05
16.00
10.82
9.88
10.94
11.32
11.28
36.78
12.38
12.45
10.62
11.82
11.08
9.75
10.00
14.12
12.74
12.88
11.62
13.41
11.23
10.97
10.95
30.43
16.29
24.92
11.97
24.84
18.29
11.82
37.37
11.11
11.79
11.63
11.13
10.30
9.46
10.14
39.37
27.51
10.52
10.50
10.25
11.81
10.41
19.43
12.17
10.94
14.14
12.82
9.17
9.24
27.81
11.99
13.59
12.85
11.25
26.02
10.38
30.40
22.77
11.88
11.43
39.08
13.09
11.53
13.22
18.02
10.73
11.82
95.65
13.39
11.53
40.87
9.23
9.86
11.08
11.80
12.10
11.16
28.68
14.53
19.75
12.33
10.76
27.65
12.07
10.92
11.11
36.11
10.98
41.14
27.84
10.21
11.62
22.99
13.17
10.10
10.69
10.73
9.09
12.39
10.45
10.96
14.86
10.61
10.15
9.99
11.20
28.07
19.35
11.26
10.18
9.52
11.69
9.16
10.68
11.21
10.01
9.13
11.83
10.69
11.16
10.45
25.00
10.92
11.52
13.03
9.77
11.11
39.32
11.45
9.52
10.23
10.97
13.21
11.80
48.00
27.04
10.06
11.99
11.34
38.06
10.49
10.94
12.46
14.34
14.65
14.37
10.25
10.09
10.58
13.60
10.72
37.22
12.59
10.75
10.98
24.43
11.42
11.71
29.49
10.93
10.47
49.84
9.39
9.15
9.92
18.53
11.96
11.91
11.05
9.30
11.29
9.99
11.28
13.15
9.87
10.22
9.68
12.03
12.88
43.90
14.33
14.76
9.16
9.75
14.33
14.52
10.82
25.68
12.25
11.23
8.97
11.81
10.30
10.32
10.84
12.28
11.11
11.58
13.19
10.48
10.70
10.69
12.22
10.55
11.63
11.37
11.98
10.66
11.73
13.64
18.36
9.94
11.22
13.03
10.26
9.60
50.68
11.26
10.81
10.48
11.37
10.62
10.65
11.23
10.12
11.73
9.62
10.51
36.93
10.98
11.43
11.63
12.15
10.37
9.00
12.47
10.94
25.55
13.14
25.53
10.58
10.21
11.22
10.44
10.21
12.81
16.00
15.03
11.08
10.97
12.72
37.77
11.10
12.40
11.62
13.29
12.81
9.96
10.88
11.62
9.91
16.37
13.77
10.03
19.82
12.17
9.84
11.63
12.67
10.73
38.71
11.45
24.98
33.19
10.60
19.13
10.84
10.65
12.40
13.25
10.20
10.81
10.07
40.71
17.93
47.27
26.69
11.31
11.11
12.85
11.76
16.58
23.54
10.95
10.18
9.35
11.56
12.02
9.77
10.57
10.94
11.76
11.44
10.50
10.66
31.22
14.08
10.85
12.43
12.06
52.94
11.64
14.24
10.40
12.47
12.10
11.79
10.24
11.29
11.10
16.94
11.06
12.12
11.38
10.72
47.80
11.43
11.73
10.52
13.50
10.48
12.12
11.85
10.89
10.54
9.49
23.29
9.66
12.18
9.82
17.36
12.87
10.89
9.46
18.07
11.86
12.15
12.22
10.36
40.08
9.61
12.00
26.21
10.64
12.16
15.05
11.85
12.54
11.39
25.27
15.85
11.36
27.25
13.67
12.71
10.89
17.80
25.14
11.90
11.34
10.66
12.10
12.57
21.90
12.68
13.47
11.15
9.71
22.51
9.82
9.94
31.29
9.38
11.41
11.60
14.78
11.05
11.59
13.25
10.65
11.81
11.60
10.34
12.37
36.34
10.93
11.59
19.74
12.47
30.58
9.47
11.25
12.36
12.73
9.60
13.07
10.12
13.10
11.09
11.21
39.24
10.83
28.86
11.30
15.58
15.55
12.86
15.09
11.79
37.65
10.65
10.16
11.98
23.74
35.01
9.02
24.28
11.83
14.91
11.45
11.92
27.23
10.63
23.76
10.31
10.27
10.88
11.44
11.33
15.87
12.33
11.10
9.08
32.52
11.34
13.31
10.18
12.50
56.64
22.22
12.63
13.00
16.54
28.00
16.35
12.08
10.66
12.81
10.78
11.79
10.92
11.94
12.96
12.78
10.40
39.06
11.43
42.66
27.27
38.63
11.97
11.48
30.32
12.34
11.26
12.45
14.77
29.27
12.49
50.56
13.70
14.91
11.18
10.39
12.67
26.90
10.95
11.55
13.43
11.76
35.79
14.43
10.62
13.15
11.58
37.57
11.19
11.71
13.10
12.49
14.51
11.11
16.39
25.27
15.82
33.89
10.30
37.42
13.83
12.55
8.90
12.81
12.50
18.15
10.72
22.67
27.40
10.55
12.99
10.16
12.18
10.66
11.12
27.11
14.63
12.13
11.44
26.49
12.27
12.11
11.35
10.53
12.30
12.55
12.53
11.71
14.05
11.98
18.21
13.83
13.84
11.55
27.23
13.30
10.39
11.02
9.95
10.21
13.27
52.68
12.76
11.68
12.27
10.99
10.83
11.61
12.29
11.94
10.97
11.42
30.61
14.93
12.75
10.97
12.45
12.31
16.40
11.87
14.96
11.58
9.71
11.34
11.29
12.04
13.75
14.13
11.17
14.28
27.19
26.11
13.69
23.63
38.62
12.47
12.98
12.20
11.42
13.56
11.71
9.56
40.43
11.84
12.31
11.16
9.21
11.88
12.38
11.16
26.51
19.32
10.84
12.40
16.48
12.24
11.91
15.23
10.76
12.02
39.86
12.05
12.36
13.60
37.16
13.51
12.42
19.17
10.78
11.84
11.06
10.74
11.47
13.27
12.75
18.98
11.24
16.33
12.20
25.74
12.43
49.90
13.12
12.28
9.72
12.86
11.23
10.33
11.64
12.14
11.54
13.66
11.26
13.54
11.47
29.34
14.73
10.74
31.90
42.46
13.38
10.29
10.71
10.34
13.03
13.84
11.79
37.49
11.50
45.94
28.90
10.85
23.99
25.32
18.28
9.19
11.13
10.17
18.43
12.01
34.02
11.11
12.44
14.05
19.33
11.13
11.83
10.94
14.93
10.90
12.93
11.80
12.15
12.05
16.45
13.18
12.15
11.69
25.60
27.37
16.36
11.15
11.80
11.39
12.85
13.58
10.75
10.47
12.26
11.24
11.24
17.51
14.75
17.99
11.44
11.69
11.12
11.50
14.78
14.47
30.15
15.88
10.53
13.86
20.98
12.49
19.82
12.63
15.25
15.93
12.00
11.64
12.23
13.77
10.35
10.41
11.70
12.68
14.46
14.34
12.89
11.86
17.81
12.24
11.65
15.16
36.58
11.50
14.35
14.38
11.07
9.60
14.32
24.78
12.23
9.91
11.32
12.80
27.07
14.54
14.20
12.53
37.48
30.87
10.59
11.73
14.93
11.83
8.87
25.63
19.10
10.69
12.68
10.32
12.37
13.92
15.20
43.69
51.57
12.76
11.81
10.77
9.78
11.50
12.56
14.35
23.40
12.65
12.08
11.01
10.57
12.65
24.81
14.59
12.71
12.85
15.17
11.10
9.58
12.72
26.46
11.90
13.00
11.08
38.36
11.44
38.20
13.46
28.86
27.31
11.87
12.36
12.69
11.00
12.68
14.27
12.35
11.92
13.94
12.53
15.07
13.91
11.28
11.73
12.45
17.30
24.28
9.64
12.61
12.21
12.97
15.25
11.72
11.69
12.23
11.65
17.07
11.80
14.03
13.01
9.88
25.78
11.38
9.39
10.40
12.08
10.08
12.27
13.60
12.02
11.10
19.32
27.49
39.27
12.53
9.76
16.33
13.07
12.22
13.27
12.02
10.85
42.06
13.47
17.15
12.38
12.75
17.44
15.30
14.48
10.37
13.58
12.26
9.96
9.81
13.72
12.50
13.86
11.77
14.88
12.49
11.66
17.58
13.03
26.77
13.26
10.95
10.72
14.33
13.44
13.36
12.76
11.14
10.72
11.00
13.07
13.55
10.88
13.97
11.47
12.57
10.27
10.86
28.01
13.49
16.36
15.77
11.62
10.30
12.34
12.31
13.12
12.13
11.04
11.96
13.70
10.83
10.89
10.61
9.91
9.33
12.39
29.83
12.33
11.46
10.79
12.89
11.75
11.41
16.24
12.87
41.97
10.73
10.41
16.85
11.30
13.13
14.13
11.32
11.91
13.79
14.25
26.64
10.88
13.86
23.95
10.14
10.87
10.41
41.31
24.58
27.22
14.58
12.55
13.21
13.50
11.37
13.13
11.92
50.49
11.25
10.48
13.17
13.80
17.39
15.45
13.51
13.98
10.46
14.62
10.74
10.16
38.30
14.37
30.69
14.56
15.20
26.43
12.03
13.45
11.07
11.67
14.35
28.22
10.43
10.09
12.39
12.63
11.44
27.82
12.77
16.44
20.54
16.35
11.69
11.19
14.12
11.90
12.25
12.57
11.58
32.89
14.70
11.99
11.34
12.84
12.11
11.75
15.35
11.76
12.52
12.31
10.86
11.62
31.25
18.00
30.53
11.37
17.25
14.35
24.78
41.93
17.91
12.68
18.21
13.91
49.60
11.94
14.76
23.31
15.54
12.91
20.99
13.05
39.57
10.08
12.05
14.19
18.88
14.62
12.43
14.81
13.74
14.89
12.68
20.36
27.99
27.50
11.25
14.69
15.35
12.82
12.33
18.53
13.07
11.48
24.80
24.31
14.22
13.33
19.08
39.08
13.62
10.72
16.58
13.19
10.73
16.68
11.40
32.09
11.01
24.61
11.63
18.18
12.18
15.34
14.56
12.55
17.05
10.93
11.58
10.26
13.50
13.31
11.48
15.63
9.15
19.10
15.55
12.11
13.03
45.36
15.13
12.23
9.82
10.18
15.13
11.37
10.87
12.41
10.74
11.68
9.45
12.57
13.61
13.65
19.26
15.34
11.53
12.11
14.01
28.83
12.85
11.76
14.04
13.22
29.96
9.97
10.26
14.36
14.61
11.55
39.68
12.03
16.34
12.89
12.21
12.28
11.51
9.94
11.51
11.29
50.45
12.87
16.42
15.74
16.48
13.76
10.13
12.70
15.60
12.49
12.05
13.49
11.08
16.28
14.53
14.47
11.85
11.40
27.01
12.44
12.58
15.12
12.47
11.97
13.66
14.87
10.06
9.95
11.11
11.53
9.21
10.56
19.00
32.42
14.14
12.49
12.82
12.06
51.35
11.38
36.65
9.10
24.85
11.33
36.25
27.69
12.46
39.67
10.28
36.01
17.81
14.45
12.94
12.37
13.32
13.06
28.99
10.82
16.02
12.31
12.49
16.98
11.08
12.30
11.72
16.42
11.72
13.50
15.52
13.39
14.85
15.56
15.47
14.49
11.03
12.73
10.95
141.98
12.66
12.95
18.45
13.63
27.44
20.04
15.46
14.35
13.42
11.83
18.97
13.73
11.90
13.54
12.51
13.12
13.26
12.40
11.66
12.03
14.27
12.43
16.52
28.24
14.87
12.89
12.51
14.90
18.17
18.34
12.01
25.21
11.80
10.57
17.80
12.24
11.56
12.19
16.07
11.03
13.83
12.39
10.02
13.98
14.73
20.68
12.28
10.14
15.90
24.95
10.84
12.44
12.88
11.06
15.10
12.65
9.24
10.82
13.47
11.90
11.98
16.06
12.40
17.01
12.62
15.00
11.55
12.22
12.50
10.84
11.07
12.69
17.46
11.63
13.10
13.70
11.87
22.27
14.18
14.07
12.25
16.30
14.92
14.21
11.87
13.41
13.87
11.65
12.49
10.24
10.42
10.93
11.77
9.89
12.04
14.68
14.90
17.09
13.98
16.68
13.75
16.48
12.16
11.83
17.78
13.25
32.91
19.73
14.49
11.29
24.36
11.34
11.83
12.66
12.25
12.51
15.37
17.09
11.61
12.60
11.92
11.71
13.74
14.91
15.59
11.77
17.42
11.67
17.02
13.85
28.46
12.88
27.82
13.18
13.51
13.83
12.73
13.67
16.93
11.91
14.03
13.84
12.95
13.24
15.54
14.04
12.58
13.61
11.66
11.95
12.59
40.45
14.71
13.56
18.18
13.32
13.51
22.25
11.74
11.24
35.77
13.38
23.05
11.42
10.83
11.51
12.09
9.81
11.14
10.22
17.50
13.02
16.82
10.51
39.50
15.37
17.47
10.62
11.37
11.38
11.27
16.37
11.47
12.37
12.62
9.91
13.35
40.11
12.94
11.93
14.73
14.30
16.81
10.65
12.39
15.89
14.72
11.10
14.32
10.57
12.30
17.28
11.92
19.13
15.09
13.25
17.32
16.11
13.80
12.40
42.61
22.21
14.65
12.81
13.98
19.78
12.35
14.57
26.96
14.12
15.03
14.13
19.61
13.51
12.69
11.62
12.79
12.57
16.64
14.47
16.54
24.06
26.70
11.24
9.41
12.58
11.77
12.59
13.62
23.16
14.25
13.84
15.74
11.99
17.43
13.40
15.50
11.76
35.74
14.65
13.79
9.63
15.99
10.85
53.16
15.91
18.09
12.09
10.84
30.71
14.41
11.48
17.08
16.24
12.12
12.68
11.03
14.53
14.89
11.87
10.79
11.51
12.82
13.75
15.61
15.60
15.51
10.30
13.90
19.53
11.43
11.21
12.61
17.58
12.13
12.66
13.70
18.67
22.60
12.09
11.63
11.94
14.00
12.18
13.41
11.22
18.35
9.59
11.98
11.24
15.72
18.01
14.98
26.45
17.56
17.38
16.11
14.49
12.46
14.54
10.01
14.99
13.02
37.54
14.57
11.08
10.22
25.62
10.91
14.12
14.95
12.60
12.26
12.12
16.40
15.30
10.34
13.68
11.70
9.79
9.68
26.67
12.54
11.73
11.26
12.82
16.67
25.76
10.10
12.06
11.84
13.43
13.73
11.35
11.44
13.68
13.19
14.17
11.76
32.48
10.42
17.06
9.87
11.91
15.79
11.69
11.64
19.67
18.06
12.75
11.49
11.80
10.45
30.49
16.03
16.08
13.11
13.73
10.65
10.73
28.90
21.34
16.93
9.90
26.04
11.49
10.48
10.30
10.45
11.26
10.59
15.98
16.23
11.48
10.77
12.52
10.57
9.83
11.26
12.86
13.45
32.17
13.93
10.99
14.97
12.91
14.34
14.39
12.74
10.81
10.22
12.50
13.77
14.48
17.56
17.17
13.51
13.76
12.13
11.53
12.10
13.65
9.22
12.53
17.14
40.10
44.42
11.60
12.24
11.58
11.18
14.40
12.23
12.97
11.56
12.16
10.65
25.72
13.84
11.08
11.68
13.38
25.33
12.19
11.98
16.05
12.31
11.40
10.73
23.26
10.68
11.23
12.06
13.15
37.91
22.85
9.99
10.74
22.78
9.10
10.27
13.10
10.83
15.76
32.87
32.61
10.15
18.61
13.81
12.18
10.64
39.01
20.91
11.54
54.82
11.37
14.39
10.47
9.79
12.23
26.17
19.00
11.55
11.01
10.32
11.18
39.28
11.41
17.99
12.55
19.20
25.77
12.11
11.37
11.79
13.24
12.18
10.76
23.73
9.81
10.28
9.76
9.54
19.78
11.04
25.11
12.26
11.75
13.15
12.90
12.58
14.04
10.04
26.32
16.33
13.91
11.68
11.68
11.98
10.51
10.07
10.47
10.20
11.57
12.62
12.54
12.57
13.47
10.48
12.77
12.96
13.30
10.98
12.05
10.51
9.36
33.09
9.59
12.34
11.85
27.05
16.13
13.43
10.48
11.81
29.19
12.22
12.13
10.95
13.93
16.12
12.10
11.82
13.39
9.65
10.91
9.88
11.07
11.18
19.01
15.78
24.16
12.57
12.62
43.93
11.78
11.92
12.76
10.00
9.87
15.54
18.15
12.34
13.06
15.57
11.11
9.79
16.65
10.73
11.29
10.70
12.04
13.25
10.55
14.36
12.79
12.33
9.20
11.63
9.38
9.69
13.82
14.24
11.93
11.99
11.58
11.51
9.74
9.85
12.58
11.02
11.72
10.72
10.16
12.91
10.12
11.98
14.56
11.17
9.72
13.77
15.57
12.23
12.95
12.95
12.08
11.59
11.96
10.83
13.09
10.54
10.03
11.89
12.79
10.65
10.42
10.09
10.39
10.16
24.80
9.38
9.98
10.90
10.34
14.27
10.02
11.60
35.20
11.23
10.21
11.64
12.09
11.48
12.08
10.64
17.14
12.13
11.30
12.96
13.13
20.21
9.99
11.28
35.27
12.64
10.54
9.96
13.39
11.73
12.09
10.73
13.18
10.67
13.32
16.19
10.55
10.43
13.16
10.42
11.51
9.93
16.86
16.07
12.48
11.11
14.02
24.45
11.81
10.84
9.74
10.66
11.80
37.22
12.03
15.04
10.96
36.71
12.84
13.91
14.53
14.97
24.17
14.33
14.00
12.99
26.15
10.64
10.23
11.34
28.98
14.62
14.22
13.02
12.17
25.56
23.74
10.40
10.75
10.64
10.14
21.47
13.06
13.84
33.29
16.73
22.88
12.79
10.33
13.62
10.29
14.06
11.04
10.88
16.50
12.97
26.16
11.25
12.89
9.55
13.49
12.16
11.33
24.79
13.74
10.61
25.35
25.75
14.44
36.98
10.64
15.77
10.79
12.05
12.26
37.00
10.42
8.95
10.64
9.10
11.47
11.53
9.88
9.26
10.02
11.64
11.58
12.15
13.42
9.87
11.95
20.53
11.65
10.48
13.78
12.67
17.89
12.24
12.81
10.67
12.98
13.41
12.18
12.73
11.26
10.10
10.57
13.41
10.01
10.18
10.77
13.34
10.17
30.04
12.86
15.87
12.48
11.83
10.91
10.67
11.85
12.91
11.01
10.35
36.87
11.55
16.75
9.77
9.97
10.38
14.49
11.25
10.02
10.53
16.00
37.23
17.45
37.64
12.38
11.07
14.22
11.67
14.29
9.69
12.52
11.95
9.43
9.61
12.86
24.63
39.42
26.15
10.00
10.48
25.85
13.10
14.18
14.19
12.07
10.01
12.31
23.34
9.78
10.93
10.87
12.95
37.62
13.08
11.32
12.03
12.09
13.84
9.71
14.89
12.00
13.48
15.97
29.82
11.27
26.89
10.66
17.80
11.04
13.20
10.91
12.57
10.30
9.59
15.74
10.62
10.29
19.93
10.14
11.98
12.71
12.68
12.72
11.83
13.61
11.24
10.68
20.02
11.90
15.21
15.75
13.17
13.03
11.43
11.04
13.69
13.83
20.08
10.51
10.71
11.50
9.85
25.57
11.04
14.39
23.76
11.58
17.47
13.37
16.84
24.84
15.46
12.14
13.67
11.59
9.37
9.91
11.70
11.90
37.77
11.12
10.13
8.94
25.14
24.62
9.62
25.13
9.24
28.68
9.65
18.70
16.90
16.74
20.99
50.78
20.22
13.55
16.03
11.23
12.88
12.17
16.86
34.45
24.13
14.65
12.29
11.95
11.39
11.68
13.23
25.55
12.20
49.98
10.28
13.95
12.02
14.58
17.64
11.61
15.00
13.18
14.15
11.99
12.92
10.84
13.61
15.09
16.50
12.71
10.83
10.38
10.21
37.78
10.21
39.88
11.19
11.54
18.88
12.19
36.00
13.28
16.93
24.14
10.89
14.42
11.97
16.34
26.90
16.66
9.37
14.18
9.84
10.22
11.61
10.17
10.58
14.00
11.53
12.42
13.29
19.26
12.59
10.36
10.07
22.43
25.60
30.26
9.45
14.29
12.57
59.59
11.80
17.77
26.94
11.38
24.75
19.41
18.60
13.47
13.59
9.96
26.26
10.05
18.55
34.99
22.25
11.76
23.82
10.50
10.91
9.90
10.62
11.34
10.09
11.04
24.10
15.37
23.90
13.10
24.40
10.66
36.74
11.92
10.66
21.73
10.88
10.12
12.70
9.98
11.08
11.73
9.83
14.81
11.56
12.55
30.60
14.19
9.69
10.80
10.59
13.42
29.73
11.79
12.29
12.75
21.77
14.63
16.01
13.84
15.34
11.71
11.02
13.01
9.64
14.81
13.19
11.97
11.48
15.56
15.39
12.40
20.04
13.87
12.29
11.34
10.74
25.10
11.63
10.57
15.22
10.95
12.19
9.80
11.83
10.68
9.01
14.00
18.32
9.60
9.53
27.05
13.88
11.00
15.12
10.49
10.54
12.67
9.33
10.27
24.18
12.23
10.35
12.92
11.99
14.99
11.98
17.42
12.00
11.57
14.61
11.71
9.41
18.96
10.48
11.04
15.31
18.44
10.67
10.70
11.29
13.97
20.28
13.09
40.71
10.26
26.95
10.69
14.81
9.77
15.50
10.53
12.54
11.02
13.57
11.57
12.61
14.11
35.93
11.53
16.47
36.94
10.79
10.02
23.97
14.08
25.27
23.75
11.68
30.63
17.09
9.72
12.01
38.44
10.40
16.12
11.47
11.15
14.83
42.70
13.31
31.80
15.25
19.12
31.38
14.29
17.52
10.20
13.65
12.92
12.08
11.41
11.93
20.02
12.29
9.41
21.98
29.49
25.10
10.17
10.58
9.91
11.47
9.57
9.38
12.80
9.35
9.78
11.19
12.11
11.56
10.61
10.43
15.40
24.69
13.77
10.67
14.15
11.23
27.70
16.07
10.86
24.66
24.78
46.37
11.60
23.53
11.20
8.94
10.99
11.60
8.89
11.94
8.97
10.11
13.22
27.45
19.98
13.41
24.59
16.18
9.86
16.08
28.97
13.88
17.16
10.75
36.27
36.19
11.53
11.19
10.64
11.44
14.17
13.43
11.65
12.75
13.13
22.80
14.03
11.03
11.76
12.23
12.17
45.46
23.39
16.07
12.14
16.37
14.01
12.29
18.47
12.24
14.10
12.68
11.51
11.58
11.06
18.30
11.23
49.70
10.26
12.52
10.11
11.89
9.34
11.45
12.04
10.95
10.44
9.55
12.65
14.41
17.35
14.01
10.11
10.56
9.24
30.10
55.27
12.92
12.44
12.04
9.74
9.97
23.52
9.37
14.92
14.21
9.92
29.66
15.76
15.67
12.76
9.71
25.70
13.29
24.45
11.23
38.98
9.65
13.70
11.05
10.56
12.30
11.43
48.23
13.97
11.63
12.86
13.89
33.73
13.44
10.61
9.94
11.18
12.02
14.58
15.14
11.65
13.34
23.77
19.72
13.65
10.98
11.62
10.29
12.10
15.68
13.97
15.42
10.67
12.55
11.89
12.26
25.79
11.57
27.27
11.63
10.41
13.57
11.50
12.02
10.44
10.35
35.68
12.77
11.11
10.90
13.00
13.24
13.30
13.04
10.43
25.73
10.91
9.79
9.99
12.84
11.57
12.75
13.70
12.54
11.88
11.35
15.78
11.90
24.28
22.23
19.83
10.57
13.38
30.08
14.12
13.50
11.42
13.78
11.87
9.69
12.43
12.15
13.55
10.67
14.07
12.70
11.59
13.15
13.49
10.07
12.88
12.14
12.01
12.12
20.25
12.38
12.95
15.30
15.46
37.63
11.95
11.47
11.76
11.60
18.27
25.92
36.23
16.48
19.39
11.52
9.85
9.83
15.96
18.60
10.35
14.81
14.30
11.52
10.44
14.03
9.80
12.10
14.54
48.77
12.47
12.71
10.22
21.34
12.76
10.60
12.17
13.95
11.55
12.16
10.11
11.37
11.32
18.26
14.93
17.86
10.57
11.34
10.19
13.57
9.89
10.60
10.23
9.51
11.44
23.99
11.52
13.37
11.98
12.97
14.86
13.21
9.45
16.49
24.34
11.62
12.39
11.66
10.28
10.57
9.43
10.18
11.74
9.39
28.03
13.20
17.35
12.53
10.42
10.91
9.82
31.91
10.95
13.98
12.76
11.53
13.74
14.42
11.63
37.37
14.65
13.23
10.95
14.17
12.15
11.94
49.04
10.44
11.04
10.68
12.17
11.71
22.66
13.01
11.72
12.60
13.88
22.54
10.42
10.03
14.03
9.84
9.88
11.99
9.90
10.27
11.98
11.42
24.16
16.58
22.84
14.50
11.69
38.55
26.16
13.14
18.89
12.06
10.59
17.45
14.06
13.41
11.95
15.98
11.97
11.52
24.74
9.97
18.31
9.45
12.72
10.22
8.79
12.25
11.52
36.28
11.05
14.80
12.86
14.42
12.98
10.83
38.29
11.46
11.34
11.06
13.87
10.71
12.40
14.47
11.40
13.40
10.59
12.52
27.66
12.27
11.40
12.54
30.79
9.75
10.61
11.02
12.36
10.36
37.08
10.12
11.35
9.80
16.93
10.90
11.67
12.70
12.58
12.16
16.68
12.55
10.88
11.69
10.92
11.06
12.87
13.18
11.65
13.80
10.75
11.86
18.49
17.02
12.10
12.25
15.93
10.87
13.72
10.28
33.44
10.59
11.60
18.48
10.41
23.36
10.66
11.29
10.17
13.84
12.29
10.46
21.37
49.77
14.16
11.41
9.87
10.15
11.84
11.04
12.70
15.54
9.47
19.66
27.84
32.15
12.15
10.67
10.12
10.98
14.24
20.51
12.42
10.57
15.28
10.45
12.20
11.41
10.81
10.30
15.46
10.97
10.06
10.21
10.85
12.21
37.92
10.60
29.14
10.79
12.41
9.06
9.65
14.63
10.07
11.87
8.76
34.64
10.75
30.88
9.42
11.24
12.20
12.38
10.20
22.85
10.55
15.68
11.04
10.63
11.05
10.75
33.09
13.82
12.87
14.42
10.44
23.74
10.10
12.87
29.48
14.31
10.50
15.13
27.85
12.89
14.05
11.01
28.33
12.73
10.59
11.04
12.18
34.34
9.45
12.64
9.90
25.49
13.48
11.74
10.98
26.22
11.06
24.70
58.68
15.94
13.38
9.31
14.12
10.12
9.82
13.03
17.58
11.87
12.35
11.05
10.20
8.75
15.62
10.07
24.70
9.41
25.99
24.73
12.67
14.41
24.29
11.36
14.71
13.34
19.26
18.78
10.42
39.95
14.46
12.41
10.90
10.79
11.42
9.31
10.33
11.41
11.50
17.41
10.60
10.02
23.13
9.72
19.31
11.63
24.82
12.97
11.04
11.18
14.24
18.23
9.93
11.97
12.33
12.22
9.96
9.86
9.18
24.05
9.97
10.64
10.21
50.29
27.52
21.89
13.13
14.61
13.61
48.43
25.30
11.30
23.76
10.89
38.89
13.93
9.05
11.58
24.42
13.87
12.55
10.57
15.14
11.68
14.82
48.34
22.45
9.44
11.99
36.96
16.74
26.80
11.48
12.54
42.05
12.37
10.08
10.16
33.07
10.48
9.46
9.40
18.60
9.04
11.36
9.84
10.63
11.09
11.59
10.93
30.34
8.84
11.20
10.78
10.51
26.18
12.89
13.05
12.61
11.81
9.56
10.51
13.25
12.10
13.34
12.34
10.43
126.86
21.71
11.49
10.20
10.34
11.38
8.94
12.46
10.10
11.34
9.87
9.36
12.07
12.75
10.70
24.04
13.99
10.94
10.65
12.28
9.80
13.17
10.38
17.67
10.91
11.27
15.53
12.33
10.91
8.20
11.19
8.26
11.07
14.62
11.02
12.98
10.00
11.65
21.55
40.24
14.90
10.45
9.58
9.26
12.98
28.75
9.66
16.10
24.52
10.36
12.83
9.69
13.04
10.39
37.86
24.50
22.75
35.53
25.05
14.06
11.61
10.48
14.91
35.52
9.67
15.80
9.37
9.31
8.87
10.06
10.02
20.97
36.02
15.46
18.12
11.14
12.41
10.30
17.18
19.52
18.40
12.27
49.58
10.09
36.67
11.41
10.87
10.37
11.79
45.58
10.66
36.22
10.35
12.86
10.29
23.06
10.44
11.64
11.23
9.77
11.14
36.02
29.81
10.21
11.82
10.41
9.14
25.63
22.58
12.53
10.70
14.23
11.21
9.36
11.17
10.91
50.69
10.77
19.55
10.69
11.20
12.77
18.74
16.37
14.89
11.72
12.90
11.99
10.00
12.22
25.61
10.78
23.36
10.34
12.67
10.25
10.52
21.12
11.19
10.13
29.00
9.25
17.45
10.68
10.65
10.55
11.48
10.93
11.16
9.42
9.93
12.22
19.56
9.16
10.53
9.79
11.37
9.89
28.70
17.44
9.04
23.86
46.43
9.25
9.13
14.75
17.47
13.13
13.42
22.55
16.87
10.72
24.53
10.72
11.52
9.17
12.97
10.31
49.06
10.42
27.94
11.03
16.81
9.93
14.87
14.49
10.16
8.67
13.59
27.17
11.24
9.35
12.80
11.03
10.71
11.41
10.14
9.50
10.16
11.06
12.09
9.79
34.50
27.09
15.82
62.41
16.31
41.40
11.60
26.97
10.85
12.49
10.54
12.56
11.57
14.16
11.01
15.41
25.01
10.67
10.51
9.11
11.13
25.35
10.91
50.38
35.61
16.55
12.35
11.33
47.15
9.72
11.84
11.67
10.65
10.19
15.71
9.90
8.93
11.63
23.76
11.81
10.81
12.61
11.30
29.08
13.68
11.08
11.97
11.37
11.07
15.64
9.79
42.14
9.27
11.71
13.02
11.05
12.27
9.61
9.94
9.70
35.08
10.59
10.10
10.61
8.81
10.16
17.32
9.92
14.00
19.07
10.81
29.97
9.90
11.07
10.01
9.80
9.65
13.03
26.00
9.97
11.93
9.67
9.26
17.19
10.00
9.56
40.47
47.76
57.56
17.21
8.68
27.47
12.90
11.41
8.90
10.98
9.68
22.36
9.36
10.44
12.53
13.71
12.14
9.85
53.39
45.11
24.00
27.31
24.42
9.82
10.10
10.45
11.82
12.30
11.31
12.75
11.28
13.08
9.15
30.40
14.31
13.09
9.96
11.27
10.34
10.23
9.85
9.84
13.25
13.57
9.68
23.16
24.86
19.05
11.83
10.21
25.27
9.18
10.04
14.27
10.50
18.84
13.83
9.00
26.54
14.25
9.69
10.57
11.01
10.21
10.00
10.38
23.82
9.31
11.94
12.38
38.72
23.59
9.44
9.08
13.97
47.99
20.29
24.14
11.12
11.73
9.47
14.94
27.95
35.95
8.32
10.67
25.66
11.77
12.75
17.23
12.00
10.26
11.49
9.01
11.58
8.89
10.94
10.33
15.31
13.07
9.32
10.49
15.95
13.28
10.29
10.66
12.40
11.47
10.44
11.91
13.23
10.48
14.23
11.41
11.65
29.14
9.21
9.73
9.08
11.25
11.32
14.35
10.16
10.46
11.54
29.73
12.40
10.47
11.39
8.86
12.05
10.00
9.54
9.73
12.38
12.39
14.26
13.72
13.57
10.20
12.33
15.69
9.18
10.86
27.33
12.82
12.68
9.75
13.38
13.14
9.39
10.43
12.26
15.04
28.54
27.08
15.98
12.65
9.69
32.27
45.94
17.78
33.40
47.78
36.16
10.14
8.83
9.25
15.34
17.39
9.63
11.25
9.33
38.67
11.29
18.79
10.51
9.60
10.75
9.16
11.06
10.91
23.45
14.73
9.23
9.51
43.66
10.69
9.05
10.09
10.24
11.61
22.49
37.08
10.00
8.84
13.52
46.45
11.83
11.89
12.26
12.04
10.18
10.87
9.45
9.89
13.90
12.94
9.22
27.79
18.99
16.64
8.26
35.91
9.33
25.00
11.41
9.30
28.91
40.49
36.95
11.33
11.96
10.05
13.11
10.90
12.26
37.59
9.03
31.58
9.15
38.25
10.28
36.87
22.05
24.20
11.99
9.59
10.15
25.25
10.34
9.20
10.68
47.62
9.76
48.04
48.34
11.04
12.53
24.99
15.20
23.91
17.15
10.54
24.00
11.27
17.13
10.50
9.27
16.04
9.58
13.50
10.87
16.18
18.30
12.69
15.89
9.68
9.73
10.62
11.30
11.40
59.37
12.50
11.84
10.72
12.12
25.94
20.39
22.64
11.28
9.61
15.62
41.55
14.47
10.83
8.95
13.15
9.59
37.75
22.07
10.48
12.63
18.10
12.25
25.58
10.09
9.46
12.34
12.79
10.62
226.50
10.22
8.95
37.19
11.28
17.86
29.86
8.90
12.62
35.82
24.32
13.33
8.75
16.01
35.11
10.00
12.83
12.20
19.01
8.55
14.66
16.68
9.43
10.70
13.84
10.93
45.85
13.22
25.38
13.38
12.51
9.56
11.86
13.87
21.70
27.05
35.74
11.88
10.11
11.94
15.27
9.45
10.98
11.04
8.94
13.34
20.24
11.12
12.59
11.05
13.06
12.80
10.10
9.72
40.64
10.36
13.39
12.94
15.53
9.79
31.07
11.74
11.15
12.11
13.26
10.07
11.29
17.21
10.96
12.87
10.71
9.43
37.31
10.74
10.20
51.13
12.87
10.96
10.78
12.01
10.06
20.65
12.12
11.39
10.98
29.00
30.67
12.94
10.89
11.27
12.55
14.03
24.12
31.07
18.35
19.82
9.77
9.74
9.97
12.40
10.00
11.50
23.61
11.21
11.60
14.31
15.66
12.89
17.52
49.82
12.69
24.65
10.61
13.84
10.08
22.42
30.37
15.16
13.02
11.26
25.31
17.34
11.73
12.10
20.58
20.45
11.08
9.86
23.09
8.86
25.07
11.29
18.07
9.46
16.52
8.43
14.08
63.11
8.54
13.64
10.13
14.80
17.24
10.24
16.92
10.12
15.75
12.69
13.08
12.50
10.81
11.84
29.83
11.19
17.33
9.30
10.79
12.58
30.31
15.27
17.45
18.57
10.43
11.10
50.21
16.72
8.63
9.85
9.30
9.74
9.53
32.50
11.13
9.66
10.48
13.95
8.95
36.18
17.37
9.97
11.34
9.01
16.99
13.47
48.35
10.76
11.04
10.26
17.62
12.25
9.81
18.27
9.76
15.12
13.19
9.30
11.63
11.76
26.18
10.61
21.15
23.45
9.85
10.93
10.33
23.68
10.70
27.30
9.48
14.72
9.14
9.95
13.73
25.65
23.57
10.38
12.66
12.62
16.11
10.15
10.70
12.82
11.21
12.27
48.55
29.57
12.26
9.35
12.32
12.66
23.42
16.83
10.35
11.38
26.01
9.31
9.54
17.00
10.19
8.95
10.78
8.77
11.45
19.18
10.19
9.19
23.21
9.88
9.55
10.94
9.39
10.56
9.76
12.32
9.54
11.55
10.74
11.90
10.08
11.99
9.64
10.40
10.07
25.72
27.26
11.20
11.98
11.00
11.27
10.93
248.17
12.13
12.64
14.61
8.90
13.47
9.85
10.69
9.02
9.95
8.93
25.14
24.20
12.13
11.07
13.80
11.16
10.86
19.67
10.97
11.38
36.11
11.60
12.31
36.27
9.29
10.40
12.07
11.08
16.87
10.81
11.54
10.77
9.17
14.64
12.09
11.17
9.01
47.96
10.15
10.06
10.34
11.11
9.08
8.54
10.64
10.95
11.36
9.97
10.19
8.62
9.75
14.42
11.85
23.98
11.09
8.27
8.59
9.34
10.93
11.13
31.86
13.67
9.50
8.68
16.83
10.70
11.06
23.20
11.06
47.67
9.80
22.31
10.97
21.33
10.97
10.86
11.85
10.58
12.28
9.75
12.66
13.84
23.23
10.44
10.56
10.92
12.94
9.23
11.66
9.73
13.70
8.23
9.33
12.45
10.68
11.10
10.91
15.45
9.29
13.25
11.69
9.54
13.23
15.59
14.01
10.27
34.61
10.01
29.29
10.99
9.87
13.89
18.24
35.90
11.34
11.02
11.98
13.42
9.66
20.48
15.41
12.56
9.30
19.99
25.10
13.47
12.72
12.55
9.12
10.53
10.99
11.87
36.65
14.83
10.37
11.45
35.60
9.91
10.75
9.80
14.01
11.09
10.76
24.49
10.04
11.41
10.11
10.25
36.22
9.64
10.43
8.41
11.57
216.54
9.53
9.77
23.33
9.88
9.30
14.65
9.25
15.40
16.49
19.82
9.13
10.39
9.63
10.10
12.42
13.20
11.82
9.00
10.01
9.83
11.88
28.40
10.10
9.61
9.48
10.30
12.34
11.37
10.07
9.73
9.43
10.10
9.19
10.03
9.08
11.08
17.96
25.06
10.56
9.38
10.76
10.43
9.88
12.69
16.73
9.17
9.28
10.35
8.61
47.79
13.32
9.14
10.10
28.73
10.65
8.98
12.53
11.58
10.79
9.19
10.56
11.10
15.85
11.66
9.21
11.84
10.62
9.64
13.54
9.44
10.98
10.44
10.07
10.59
9.79
10.94
10.07
9.90
10.24
24.89
9.69
17.37
38.31
52.06
21.22
8.77
9.03
11.33
9.96
9.96
9.59
10.36
10.90
17.19
11.17
22.44
10.36
9.37
9.53
10.26
9.51
23.32
24.64
11.47
9.12
10.19
12.52
10.04
9.28
9.69
16.72
9.49
23.58
9.80
10.70
10.09
9.58
9.44
9.18
9.32
10.80
9.99
18.20
29.23
10.38
9.91
10.08
10.50
11.16
10.35
21.40
11.26
11.57
20.62
17.55
10.40
12.07
15.26
24.75
9.69
31.86
15.80
12.56
9.60
16.37
9.71
13.43
9.46
29.30
30.32
9.56
10.95
12.52
11.62
9.97
9.10
12.12
10.45
9.00
10.09
9.94
26.22
12.46
36.84
50.28
36.17
10.60
10.77
9.54
9.18
11.30
9.62
37.18
9.13
35.97
9.75
13.75
10.84
10.33
10.35
16.07
10.55
12.81
9.49
10.17
10.62
11.33
14.42
37.02
50.41
10.93
9.98
9.22
21.63
13.65
11.45
26.72
13.39
9.89
9.86
9.44
10.27
12.10
10.04
18.58
9.68
11.45
9.61
10.51
9.66
22.61
10.76
9.18
23.87
10.96
12.53
10.31
10.75
10.19
11.03
24.59
48.77
9.94
11.44
9.47
11.50
49.13
9.87
10.82
23.91
11.38
34.15
9.42
10.76
8.79
37.14
22.16
29.79
9.34
10.17
10.21
11.95
9.57
11.25
8.38
12.53
18.79
20.48
11.02
9.46
10.32
10.06
37.23
25.08
15.87
13.01
56.82
32.85
17.36
25.35
47.76
9.25
12.56
25.33
15.93
10.47
9.62
10.22
8.53
10.06
10.31
9.55
14.71
24.23
9.30
9.97
16.95
9.58
11.96
9.96
10.11
12.33
11.40
10.99
11.14
17.59
42.06
35.57
10.36
11.24
22.05
11.98
15.72
25.46
11.75
17.34
10.21
10.32
35.00
40.34
9.81
11.22
14.28
11.49
12.67
9.72
37.30
12.25
12.90
12.12
12.13
9.73
22.03
23.37
15.89
10.44
37.56
12.17
9.16
9.87
8.92
11.95
38.33
8.98
11.78
11.98
9.79
10.24
10.70
9.79
16.30
10.75
41.15
11.34
9.66
10.10
11.39
9.90
36.66
16.23
9.06
10.97
11.69
12.31
10.32
13.74
39.50
11.21
9.91
11.43
36.81
11.54
10.16
10.77
41.03
13.75
10.77
12.70
10.42
19.73
52.10
14.11
24.98
15.87
15.79
25.59
11.31
11.24
14.39
13.01
9.68
13.22
11.70
10.33
10.34
9.81
42.80
24.56
12.32
11.00
10.54
10.61
9.35
29.27
38.93
12.41
10.76
14.84
24.77
10.02
10.60
9.87
11.56
10.72
10.47
119.00
9.94
11.70
10.47
12.95
18.37
28.98
12.04
9.50
14.79
8.79
9.74
15.41
11.50
10.23
13.24
12.22
10.68
34.11
12.94
10.95
11.03
10.56
12.08
9.52
10.72
14.19
11.42
11.60
38.52
9.43
26.03
9.56
13.12
9.93
8.87
10.46
19.39
12.93
11.08
51.38
29.41
11.70
32.13
9.44
10.52
9.91
10.58
11.16
9.75
9.21
11.73
7.88
37.33
19.05
11.98
14.14
10.61
9.93
10.26
36.96
11.78
11.35
25.40
22.14
39.00
11.35
10.00
31.39
49.21
14.08
12.97
11.09
11.87
8.98
9.68
9.56
46.87
13.49
27.20
8.95
9.68
14.34
10.43
10.54
10.01
11.18
28.76
10.58
11.85
11.72
11.37
38.03
12.72
9.88
13.01
37.52
9.31
12.75
12.59
19.05
16.39
10.60
53.28
16.68
14.74
23.54
12.69
11.42
13.58
10.22
11.07
9.98
9.87
11.84
14.18
8.47
12.52
9.87
9.04
9.53
9.94
9.15
9.06
10.51
9.86
10.80
11.26
9.60
14.31
13.38
9.36
13.07
10.95
17.89
14.39
9.21
12.50
24.81
8.36
10.19
10.76
11.57
8.69
11.36
12.75
19.29
8.52
10.01
27.33
23.43
9.78
9.39
9.26
10.81
10.50
12.40
15.16
12.81
23.17
13.11
16.10
9.23
58.97
10.46
13.33
54.68
10.28
10.36
12.61
10.35
16.47
14.36
15.69
12.68
37.47
12.40
11.78
10.97
12.55
24.79
10.54
9.43
11.03
9.13
8.31
11.46
9.88
10.48
8.90
11.60
10.33
10.38
9.74
9.94
9.95
9.58
34.97
8.75
10.12
10.86
16.54
12.95
30.67
16.35
9.57
13.16
10.01
8.89
8.34
11.85
9.63
18.78
10.62
9.92
16.97
21.43
9.62
15.18
10.73
9.09
9.89
13.65
11.12
10.84
9.96
9.58
8.59
10.99
9.67
160.09
9.10
11.09
9.81
11.85
17.13
12.58
10.73
11.89
9.49
9.87
9.09
13.14
9.86
15.19
35.04
8.83
11.07
17.94
10.20
10.93
10.60
12.08
25.66
10.95
28.30
11.44
10.43
27.87
11.13
24.92
29.78
10.59
13.64
11.99
10.16
10.55
12.87
11.90
8.81
9.18
10.59
17.98
17.62
10.28
9.83
13.73
9.79
9.80
8.96
11.44
10.61
12.78
11.39
10.04
9.86
25.92
12.92
9.66
10.94
11.24
11.14
14.52
12.57
146.70
9.32
9.27
9.29
9.26
9.16
16.81
38.73
23.18
10.39
10.53
9.30
36.30
26.76
10.21
11.73
11.39
10.66
9.77
9.20
8.94
10.39
9.53
10.03
9.61
12.05
14.13
11.46
10.08
9.65
9.33
13.40
9.61
8.72
22.46
8.63
13.93
26.74
10.62
11.54
10.53
14.40
18.50
18.10
14.68
12.01
13.35
11.32
28.11
28.91
9.16
9.13
10.54
11.13
10.04
9.80
11.76
9.83
11.13
9.39
9.70
9.52
10.85
9.41
10.01
9.61
13.28
11.64
32.62
14.03
14.50
10.13
10.88
11.68
25.71
36.88
11.82
24.12
10.08
25.61
23.76
13.15
9.33
10.98
9.97
11.43
10.40
14.80
18.80
18.63
12.56
13.12
16.71
8.83
15.36
9.59
24.37
9.45
10.16
11.79
10.77
10.13
9.26
23.91
9.66
9.21
10.74
12.11
9.01
16.00
15.65
16.94
11.93
11.93
9.88
32.71
11.17
10.14
9.24
9.33
9.58
10.58
10.76
13.25
28.68
11.10
10.66
12.23
34.57
11.70
9.17
8.56
9.45
9.30
11.21
8.80
10.73
23.63
10.04
11.01
10.36
14.07
9.37
9.76
8.58
33.48
9.93
8.73
24.65
9.05
8.25
10.71
13.70
15.88
16.90
23.18
10.39
10.36
10.39
12.05
10.36
11.04
10.88
16.28
10.23
14.98
10.76
9.50
10.11
23.69
12.85
11.21
10.00
8.85
8.85
10.71
34.31
13.23
9.67
9.56
12.67
17.49
12.74
10.61
10.88
13.44
8.71
13.39
16.14
23.82
9.73
9.93
16.13
23.26
9.11
9.63
13.25
12.69
11.96
14.42
9.55
10.29
13.09
14.17
9.48
13.56
10.34
12.85
10.98
9.72
10.14
22.72
9.41
12.05
25.36
10.41
9.60
17.63
10.19
16.75
23.35
9.88
19.37
13.22
28.10
11.30
11.75
9.18
11.94
8.76
28.84
21.97
9.62
10.73
21.71
35.06
10.27
37.69
11.52
14.72
13.36
10.47
15.16
23.28
9.52
9.76
8.11
9.10
9.89
9.46
9.56
9.77
8.93
24.00
10.24
9.33
11.73
16.58
17.36
16.60
10.72
25.10
10.88
13.35
10.52
10.23
10.32
10.18
9.85
9.63
23.56
10.52
9.35
8.47
22.45
11.06
11.43
9.60
9.46
11.25
9.31
10.75
10.80
11.03
10.15
10.02
23.10
9.66
10.32
9.35
13.22
10.44
32.19
8.79
9.12
15.62
16.37
9.87
10.32
9.75
8.50
9.82
9.72
13.68
9.57
9.21
11.85
10.35
9.08
10.09
12.30
8.57
10.04
12.01
11.24
9.19
35.83
10.45
29.91
11.99
9.38
10.04
9.33
11.01
63.51
32.40
12.02
10.38
9.64
8.77
12.35
12.82
11.98
9.75
9.08
9.25
15.12
9.21
14.95
9.72
10.56
11.06
9.72
8.89
10.23
12.58
34.84
9.83
9.55
11.26
12.13
9.25
11.93
12.52
8.98
13.40
8.95
10.83
9.75
15.19
9.51
10.19
17.20
9.46
9.65
9.21
9.35
10.20
10.75
13.87
9.84
11.75
11.85
13.56
13.63
21.96
9.02
8.81
16.72
16.69
11.59
11.09
9.06
9.97
9.74
28.04
28.82
9.27
15.68
26.63
9.90
37.06
35.81
14.31
10.47
14.74
29.09
11.88
10.16
8.75
8.85
11.20
29.32
8.85
10.12
9.05
9.23
14.28
34.99
11.69
9.44
10.95
14.60
11.23
14.14
10.96
10.35
9.20
12.17
8.72
16.68
8.84
9.44
10.11
9.99
11.29
10.04
13.11
10.03
10.58
11.22
11.47
10.92
10.15
13.77
9.20
11.71
27.10
14.46
10.86
11.27
12.46
11.83
10.10
9.43
10.76
35.55
9.41
8.95
9.27
9.22
9.46
11.37
27.20
10.78
11.95
13.64
10.48
16.24
10.15
9.62
19.86
8.88
9.39
8.97
10.62
10.50
24.78
11.87
8.76
8.32
23.31
8.69
24.73
10.96
9.91
9.48
26.43
8.82
36.42
11.58
13.37
9.01
11.63
9.86
12.58
15.23
9.18
9.95
10.20
10.68
8.99
8.49
9.97
8.47
9.16
21.87
11.67
10.84
11.13
12.49
9.32
9.66
8.72
9.94
28.99
24.17
13.00
41.23
8.79
9.28
9.78
9.06
9.94
10.07
9.50
11.07
25.50
9.84
13.23
10.64
9.02
16.85
14.12
10.15
13.29
9.14
15.70
9.09
27.59
9.29
9.49
34.87
17.52
17.69
9.85
26.31
11.16
10.02
41.55
9.84
12.03
10.42
10.81
22.61
10.23
16.13
38.54
9.19
12.49
8.45
8.90
9.44
31.08
11.56
9.08
10.01
24.21
10.72
11.29
12.67
8.95
9.74
12.93
10.60
10.19
10.55
11.05
10.73
11.13
11.00
9.41
22.86
28.74
24.16
11.06
13.30
9.77
21.54
9.08
10.03
10.25
9.69
9.72
15.85
22.78
10.53
9.64
8.62
11.54
9.51
9.12
9.63
11.22
9.26
9.83
10.41
8.54
9.13
8.58
10.07
9.17
10.50
25.83
8.80
12.78
10.71
11.81
10.92
10.82
10.24
10.45
36.64
8.69
25.60
13.16
9.52
8.99
10.09
9.60
10.58
9.57
13.38
8.90
50.27
25.41
9.73
15.81
9.88
9.18
9.33
9.80
9.00
8.37
9.17
12.56
23.08
11.59
9.88
9.60
9.34
12.35
11.25
16.72
9.85
8.97
13.88
9.17
9.96
12.71
10.47
9.84
10.23
14.76
10.11
11.42
8.95
9.34
11.41
9.27
8.81
10.28
23.01
9.79
10.52
9.84
11.71
10.07
9.26
24.08
10.05
10.57
8.93
10.56
13.19
19.20
9.72
10.49
9.07
9.51
9.23
9.41
9.67
9.93
9.42
9.23
9.66
10.87
9.42
14.36
10.79
12.09
13.06
10.90
14.66
12.08
11.47
19.91
11.38
9.64
17.49
39.91
8.58
28.09
37.50
48.99
9.62
8.31
10.73
173.42
18.50
11.90
10.79
11.69
13.38
11.43
16.56
11.74
11.80
9.20
11.77
9.52
9.14
11.32
10.09
9.06
23.09
18.79
10.11
11.05
10.41
16.12
10.45
9.58
12.59
24.47
10.48
8.61
17.76
10.17
11.07
9.13
10.81
9.87
37.22
25.98
36.35
9.35
9.88
14.35
25.25
42.66
9.61
10.65
33.13
15.66
11.46
8.29
10.17
11.43
11.58
11.71
9.96
9.05
9.45
9.91
15.35
10.11
14.83
11.34
18.21
14.40
9.98
24.94
10.91
13.27
10.36
14.90
11.50
11.35
11.57
39.23
8.78
9.01
22.77
8.92
10.48
11.46
12.61
9.81
11.07
10.21
9.95
15.15
23.99
10.04
24.21
14.32
12.71
53.07
11.53
11.24
9.00
10.88
9.43
9.58
9.32
11.06
16.20
10.00
11.31
10.35
13.21
34.52
26.67
9.00
11.10
9.25
11.63
8.63
8.32
11.07
13.84
10.01
9.77
35.99
10.17
27.56
11.04
9.50
28.80
11.67
12.09
9.40
9.15
9.68
10.09
37.10
10.50
9.37
8.70
10.89
11.55
11.48
11.57
16.47
29.29
10.12
23.56
11.71
9.54
12.36
11.24
13.56
9.86
11.50
10.23
12.81
9.31
10.41
10.44
12.20
10.55
10.17
13.07
22.81
10.92
11.45
10.20
12.16
41.48
12.80
12.44
9.75
27.99
16.42
10.34
13.47
17.16
11.03
11.91
11.27
11.37
13.36
12.85
9.36
9.84
11.65
12.52
10.46
22.74
14.27
12.31
9.55
9.87
17.09
12.96
19.62
10.50
15.91
26.18
24.18
22.33
10.59
11.01
12.08
13.83
11.33
10.22
12.21
11.37
9.16
25.68
9.89
10.72
9.52
9.71
12.83
9.79
12.43
10.38
11.03
11.84
10.76
10.39
10.03
27.19
11.11
10.56
9.06
13.71
26.20
11.77
11.70
9.39
39.80
11.13
24.26
12.69
47.86
9.92
9.45
11.14
33.33
10.46
9.90
10.17
19.09
9.75
9.36
10.35
11.97
12.69
16.09
18.83
10.64
12.51
10.06
11.36
10.85
21.81
17.65
17.99
17.39
9.39
10.16
9.68
9.35
10.52
11.65
36.11
18.62
11.66
35.33
12.05
12.43
11.47
23.82
9.37
13.25
10.98
10.17
27.09
22.65
10.21
25.37
12.04
13.94
10.57
13.86
11.08
10.16
12.27
28.04
24.88
10.04
12.04
10.45
13.58
22.39
11.25
10.04
10.04
10.33
8.77
11.67
22.37
13.48
14.75
14.62
10.50
9.57
12.10
24.71
8.66
25.37
32.28
12.16
10.40
12.78
10.83
12.77
10.53
11.75
50.38
10.83
8.77
8.95
9.22
12.05
10.50
26.60
11.22
13.38
14.25
13.55
10.90
10.77
10.08
10.20
10.81
21.70
11.97
36.41
11.39
9.48
10.24
10.09
9.71
11.77
10.11
12.49
12.42
14.55
10.34
11.58
10.45
10.39
10.12
29.53
30.63
39.25
13.12
12.47
10.20
9.90
9.64
9.40
9.49
49.17
11.80
10.79
13.81
15.28
10.18
9.62
9.01
8.76
8.45
10.13
14.89
11.12
13.10
13.11
11.03
23.41
17.53
39.32
11.57
10.08
10.51
9.65
20.21
12.52
28.75
13.72
12.77
11.78
9.17
9.64
11.92
9.26
9.48
11.18
10.89
14.42
11.19
11.39
12.85
12.38
11.04
9.83
10.37
14.68
13.64
9.85
21.85
10.72
12.57
10.30
18.04
12.79
10.98
17.89
13.19
14.74
12.44
8.61
10.66
10.39
10.17
19.08
9.23
16.12
12.49
23.75
9.69
16.41
9.58
23.91
21.41
9.35
15.82
8.72
53.31
11.46
18.29
10.08
10.83
10.84
12.18
11.63
9.06
9.67
23.25
12.54
9.41
10.03
10.90
11.64
9.94
14.66
12.14
14.06
26.81
15.03
9.78
9.74
16.03
11.55
9.01
9.59
12.45
11.43
10.04
36.85
10.05
11.00
16.94
20.59
45.13
10.86
38.25
11.76
23.48
20.98
10.22
10.43
11.38
40.55
11.50
16.15
11.45
10.86
14.93
10.98
16.48
10.25
23.67
11.69
12.63
10.65
9.07
52.74
10.97
11.32
10.60
9.32
12.67
14.38
9.78
10.37
16.08
9.54
26.64
28.33
10.90
18.77
10.91
9.63
22.43
12.79
28.34
21.62
10.00
10.73
12.32
10.30
26.40
9.47
9.86
11.57
15.57
11.41
12.36
13.08
12.43
12.45
9.82
11.57
16.42
9.20
12.91
13.99
9.47
14.27
12.93
13.80
12.30
11.62
10.48
19.31
185.85
8.59
12.60
11.57
11.21
12.02
10.41
35.32
9.35
38.09
14.54
36.37
9.86
9.74
11.76
13.31
27.87
16.07
12.22
17.74
11.26
10.00
11.01
26.37
11.73
22.10
11.79
11.41
9.32
10.18
11.59
9.65
9.53
13.75
15.08
10.04
19.49
10.35
